[203.2, -99.4, 103.2, 89.12, -1.42, 45.01]
[199.8, -100.9, 102.2, 89.58, -0.33, 59.41]
[199.5, -100.1, 100.2, 89.83, -0.05, 74.88]
[198.9, -99.7, 97.7, 90.52, -0.04, 90.08]
[199.8, -99.9, 100.4, 89.92, 0.03, 104.76]
[199.0, -100.5, 97.5, 90.36, -0.37, 119.53]
[200.8, -99.9, 101.4, 89.8, 0.48, 135.08]
[202.0, -59.9, 101.9, 89.71, -1.01, 45.0]
[199.4, -59.8, 98.5, 90.38, 0.58, 59.85]
[198.3, -61.0, 99.3, 90.43, 0.3, 74.88]
[200.6, -59.7, 101.4, 89.48, -0.11, 90.0]
[200.4, -59.6, 98.7, 90.17, -0.03, 104.94]
[200.9, -61.1, 101.2, 89.62, 0.31, 119.44]
[201.3, -59.5, 101.0, 89.67, 0.49, 134.91]
[202.8, -17.5, 102.0, 89.96, -1.49, 45.26]
[199.4, -21.1, 99.5, 90.1, 0.33, 59.41]
[199.1, -19.7, 99.4, 90.2, 0.28, 75.23]
[197.8, -20.8, 97.9, 90.89, 0.55, 90.18]
[201.2, -18.9, 101.4, 89.47, -0.07, 104.94]
[202.1, -18.7, 99.7, 89.66, 0.08, 119.97]
[200.2, -19.8, 100.0, 89.85, 0.19, 134.91]
[202.0, 23.3, 101.7, 90.23, -1.38, 45.43]
[199.9, 19.1, 99.5, 90.01, 0.17, 59.67]
[200.6, 19.1, 101.5, 89.77, -0.57, 74.44]
[198.6, 19.3, 99.2, 90.4, 0.46, 90.35]
[200.1, 19.8, 101.7, 89.52, -0.23, 104.94]
[199.5, 20.0, 98.5, 90.52, 0.02, 120.05]
[199.1, 20.6, 99.6, 90.24, -0.09, 135.17]
[201.2, 60.0, 100.4, 90.23, -0.75, 44.91]
[199.3, 60.8, 99.0, 89.96, 0.52, 60.2]
[200.4, 62.0, 101.8, 89.79, -1.03, 74.88]
[200.4, 58.9, 99.7, 90.0, 0.0, 89.91]
[199.0, 58.8, 99.4, 90.4, 0.34, 104.85]
[199.7, 60.5, 100.9, 89.58, -0.13, 119.97]
[199.0, 58.5, 97.5, 90.78, -0.07, 134.73]
[200.4, 100.3, 100.5, 90.23, -0.56, 44.99]
[199.6, 97.8, 98.3, 89.87, 0.69, 59.5]
[200.8, 99.6, 99.6, 89.97, -0.26, 74.61]
[198.7, 99.9, 100.1, 90.09, 0.24, 90.17]
[200.5, 99.4, 100.1, 90.05, 0.06, 104.76]
[200.1, 99.9, 101.1, 89.76, -0.12, 119.7]
[200.5, 99.0, 100.8, 89.91, -0.01, 134.56]
[220.1, -99.1, 99.7, 90.09, 0.14, 45.52]
[220.4, -99.4, 99.4, 90.2, 0.16, 59.85]
[221.0, -99.2, 102.3, 89.41, -0.18, 74.97]
[220.7, -99.9, 99.8, 89.91, 0.0, 89.82]
[218.9, -99.1, 96.9, 90.63, -0.29, 105.02]
[220.3, -98.9, 100.4, 89.93, 0.06, 120.05]
[221.7, -101.6, 101.6, 89.58, 0.77, 134.46]
[220.2, -60.0, 101.4, 89.79, -0.57, 45.17]
[220.7, -58.8, 99.5, 90.05, 0.06, 60.11]
[218.3, -60.5, 100.2, 90.29, 0.18, 75.05]
[219.2, -59.3, 100.3, 90.08, 0.01, 90.0]
[220.7, -59.9, 98.2, 90.43, -0.08, 104.76]
[218.5, -59.3, 99.4, 90.44, -0.27, 119.96]
[220.2, -59.2, 100.4, 89.83, 0.2, 135.08]
[222.2, -19.1, 101.9, 89.86, -1.13, 45.0]
[219.9, -18.9, 99.0, 90.06, 0.16, 60.2]
[221.0, -20.6, 101.8, 89.47, -0.58, 74.53]
[218.3, -20.5, 99.1, 90.46, 0.24, 89.91]
[219.5, -19.4, 100.3, 90.0, 0.0, 105.02]
[219.2, -19.3, 98.4, 90.33, -0.1, 119.97]
[221.8, -18.7, 102.1, 89.3, 0.53, 135.17]
[222.6, 21.3, 102.1, 90.09, -1.49, 44.99]
[219.3, 19.5, 99.5, 90.08, 0.43, 59.67]
[219.0, 18.3, 98.6, 90.29, 0.53, 75.14]
[220.8, 20.6, 102.3, 89.47, -0.47, 89.73]
[219.2, 20.8, 100.4, 89.91, -0.03, 105.29]
[221.4, 19.6, 100.0, 89.73, 0.0, 119.7]
[219.7, 19.9, 100.3, 89.91, 0.03, 134.82]
[221.8, 60.5, 101.8, 90.21, -1.03, 44.91]
[219.9, 59.0, 98.6, 90.0, 0.17, 59.41]
[220.4, 61.5, 102.2, 89.77, -0.66, 74.97]
[219.6, 60.8, 99.3, 90.1, 0.14, 90.0]
[218.5, 58.6, 99.3, 90.51, 0.33, 104.94]
[219.2, 60.3, 100.6, 90.0, 0.0, 120.14]
[219.5, 59.3, 98.1, 90.34, -0.06, 134.82]
[221.0, 102.9, 102.1, 90.34, -1.08, 45.52]
[219.7, 99.9, 99.3, 89.98, 0.26, 59.76]
[218.8, 99.8, 101.7, 90.0, 0.0, 74.97]
[220.0, 101.2, 100.0, 89.91, -0.15, 89.91]
[220.0, 97.9, 101.9, 89.8, -0.17, 104.5]
[219.4, 100.8, 100.7, 90.0, 0.0, 120.23]
[218.8, 100.4, 98.0, 90.52, 0.0, 135.35]
[240.6, -98.5, 100.8, 89.84, -0.21, 45.52]
[238.2, -101.8, 97.6, 90.42, 0.31, 59.32]
[239.1, -101.4, 101.9, 89.57, -0.12, 74.53]
[239.8, -98.9, 100.2, 90.0, 0.0, 90.0]
[240.0, -100.7, 98.9, 90.16, -0.07, 104.67]
[239.5, -100.9, 99.9, 90.0, 0.0, 119.53]
[240.4, -102.1, 99.6, 89.91, 0.15, 134.29]
[240.5, -59.2, 101.8, 89.86, -0.32, 45.43]
[240.1, -59.0, 99.2, 90.22, 0.26, 60.02]
[238.6, -59.6, 99.9, 90.22, 0.13, 75.05]
[241.8, -58.6, 102.6, 89.13, -0.14, 90.08]
[240.3, -60.4, 97.9, 90.17, -0.03, 104.67]
[240.3, -59.8, 101.2, 89.62, 0.22, 119.96]
[238.3, -58.6, 95.4, 90.84, -0.92, 134.99]
[242.0, -19.7, 102.5, 89.76, -1.2, 44.91]
[239.7, -19.6, 99.8, 90.04, 0.07, 59.85]
[240.3, -18.8, 102.1, 89.68, -0.3, 75.05]
[238.9, -21.6, 100.1, 90.08, 0.03, 89.56]
[240.3, -18.9, 100.7, 89.64, -0.01, 105.02]
[239.0, -21.2, 97.3, 90.58, -0.1, 119.53]
[239.2, -21.3, 99.5, 90.13, -0.02, 134.47]
[242.8, 20.8, 102.9, 89.96, -1.66, 44.91]
[239.8, 21.6, 98.5, 90.07, 0.25, 60.29]
[240.7, 20.9, 102.5, 89.46, -0.8, 74.79]
[238.8, 20.2, 98.5, 90.35, 0.26, 90.08]
[239.7, 18.2, 100.1, 89.83, -0.04, 104.41]
[240.1, 20.9, 100.7, 89.91, 0.0, 119.97]
[238.9, 20.7, 97.7, 90.47, -0.22, 135.08]
[242.5, 61.9, 102.7, 90.18, -1.57, 45.17]
[238.9, 58.8, 99.1, 90.08, 0.6, 59.76]
[240.5, 61.9, 102.6, 89.64, -0.8, 74.97]
[239.7, 59.5, 98.1, 90.23, 0.25, 89.91]
[238.7, 58.1, 98.9, 90.46, 0.24, 104.76]
[240.2, 60.2, 101.5, 89.47, -0.06, 119.79]
[239.2, 60.5, 97.2, 90.76, -0.18, 134.99]
[241.7, 100.1, 101.9, 90.23, -1.02, 45.08]
[239.9, 99.6, 99.4, 90.0, 0.26, 59.67]
[239.0, 98.6, 100.2, 90.07, 0.25, 74.88]
[240.7, 101.9, 103.8, 89.3, -1.01, 90.18]
[240.3, 99.2, 102.0, 89.57, -0.31, 104.85]
[240.3, 99.3, 102.1, 89.49, -0.15, 119.61]
[240.6, 98.9, 98.7, 90.08, 0.0, 134.64]
[261.2, -98.3, 101.7, 89.63, -0.49, 45.52]
[260.8, -98.9, 98.7, 90.07, 0.05, 60.11]
[258.8, -100.6, 101.9, 89.91, -0.02, 74.61]
[259.8, -100.1, 100.4, 89.73, 0.01, 89.99]
[259.3, -101.4, 100.6, 90.08, -0.03, 104.41]
[258.9, -100.9, 97.8, 90.39, -0.35, 119.53]
[260.8, -101.2, 100.4, 89.73, 0.45, 134.64]
[260.1, -61.3, 101.9, 89.81, -0.39, 45.08]
[260.1, -58.5, 99.2, 90.0, 0.0, 60.02]
[259.4, -61.2, 99.5, 90.0, 0.0, 74.61]
[260.3, -60.4, 102.6, 89.3, -0.1, 89.73]
[260.0, -59.1, 100.9, 89.74, 0.05, 105.02]
[259.9, -60.7, 99.4, 90.0, 0.08, 119.61]
[258.8, -60.5, 97.9, 90.34, -0.31, 134.82]
[263.4, -19.5, 103.5, 89.56, -1.7, 45.0]
[259.8, -19.9, 99.4, 90.13, 0.22, 59.85]
[259.9, -20.1, 99.0, 90.13, 0.11, 74.7]
[258.7, -20.6, 101.4, 90.08, 0.03, 89.73]
[260.6, -20.3, 100.1, 89.64, 0.0, 104.76]
[260.0, -19.3, 99.9, 90.08, -0.02, 119.88]
[261.4, -18.1, 99.7, 89.66, 0.36, 135.7]
[260.6, 20.1, 100.7, 89.96, -0.43, 45.26]
[259.5, 18.3, 99.0, 90.12, 0.32, 59.5]
[259.7, 20.4, 101.0, 89.94, -0.06, 74.88]
[259.1, 19.5, 101.7, 90.0, 0.0, 89.91]
[259.1, 20.6, 100.2, 90.08, 0.01, 105.02]
[260.5, 20.8, 101.1, 89.56, 0.05, 119.88]
[261.3, 18.8, 99.6, 89.68, 0.16, 134.64]
[260.8, 60.1, 101.0, 90.02, -0.61, 45.26]
[259.9, 61.2, 101.9, 89.94, -0.25, 60.2]
[258.5, 58.9, 97.9, 90.42, 0.77, 74.79]
[259.6, 58.6, 101.8, 89.93, -0.05, 89.64]
[259.7, 60.5, 99.6, 89.91, -0.03, 105.11]
[260.5, 61.9, 102.2, 89.29, -0.03, 120.23]
[259.9, 58.6, 99.4, 90.16, -0.05, 134.47]
[261.3, 98.7, 101.2, 90.06, -0.43, 44.99]
[259.1, 99.1, 99.5, 90.04, 0.43, 59.67]
[259.1, 101.7, 99.2, 90.09, 0.24, 75.32]
[258.7, 97.9, 97.4, 90.66, 0.81, 89.82]
[260.1, 101.8, 103.7, 89.4, -0.37, 105.11]
[259.2, 98.7, 100.1, 90.17, 0.03, 119.79]
[259.4, 98.8, 96.7, 90.52, -0.06, 134.64]
[281.2, -98.0, 102.2, 89.78, -0.28, 45.61]
[280.4, -99.4, 98.4, 90.0, 0.0, 59.76]
[281.0, -99.6, 103.2, 89.4, -0.17, 75.05]
[280.4, -99.0, 101.4, 89.56, 0.02, 90.08]
[278.2, -101.2, 98.2, 90.56, -0.23, 104.58]
[281.2, -101.9, 101.6, 89.4, 0.51, 119.44]
[278.7, -100.4, 96.4, 90.56, -0.58, 127.7]
[282.1, -58.8, 103.1, 89.56, -0.86, 45.35]
[279.9, -60.4, 98.4, 90.06, 0.06, 59.58]
[281.1, -58.2, 101.9, 89.6, -0.2, 75.32]
[280.7, -60.8, 104.5, 89.12, -0.11, 89.82]
[280.7, -61.1, 102.0, 89.39, 0.12, 104.5]
[278.3, -61.3, 94.9, 90.82, -0.4, 119.44]
[281.1, -59.3, 102.0, 89.71, 0.42, 134.99]
[282.4, -17.9, 103.6, 89.59, -1.34, 45.35]
[279.4, -20.5, 101.8, 89.95, -0.07, 59.58]
[279.3, -21.6, 99.9, 89.93, -0.05, 74.53]
[280.1, -20.3, 100.1, 90.0, 0.0, 89.91]
[280.3, -19.9, 101.1, 89.64, 0.0, 104.85]
[279.8, -21.5, 100.0, 90.0, 0.08, 119.44]
[278.1, -22.2, 95.2, 90.81, -0.58, 134.55]
[281.9, 21.3, 103.6, 89.82, -1.21, 45.26]
[280.0, 22.1, 98.4, 90.07, 0.16, 60.29]
[280.2, 20.4, 104.5, 89.35, -0.72, 74.79]
[279.9, 18.7, 99.0, 90.22, 0.13, 89.56]
[279.7, 20.3, 100.2, 89.82, -0.03, 104.85]
[279.9, 21.0, 100.6, 89.74, 0.04, 120.23]
[279.3, 18.7, 99.4, 90.3, -0.08, 134.73]
[282.0, 60.5, 102.3, 89.98, -1.14, 45.17]
[279.7, 61.2, 98.2, 90.0, 0.0, 59.94]
[280.7, 59.0, 99.3, 89.85, -0.22, 74.44]
[280.3, 61.2, 103.1, 89.52, -0.38, 90.08]
[278.7, 59.5, 98.7, 90.49, 0.17, 105.03]
[280.0, 59.2, 100.5, 89.82, 0.0, 119.79]
[279.9, 60.7, 99.0, 90.0, 0.08, 134.91]
[280.7, 96.1, 100.6, 89.99, -0.26, 50.53]
[278.9, 100.8, 98.8, 90.07, 0.43, 60.02]
[280.3, 101.8, 104.0, 89.62, -0.79, 74.97]
[278.8, 98.4, 98.5, 90.47, 0.51, 89.73]
[280.1, 100.4, 100.6, 89.92, -0.04, 105.02]
[279.3, 99.4, 100.6, 89.91, -0.01, 119.79]
[279.8, 101.3, 102.1, 89.74, 0.04, 134.99]
[300.3, -100.7, 101.0, 89.73, -0.34, 45.0]
[300.3, -100.2, 99.7, 89.85, -0.1, 59.58]
[300.1, -98.3, 97.8, 90.42, 0.12, 75.23]
[300.4, -99.6, 101.7, 89.56, 0.02, 89.82]
[299.3, -101.6, 98.1, 90.16, -0.06, 104.41]
[298.3, -100.8, 97.5, 90.69, -0.29, 110.56]
[299.8, -100.5, 99.1, 89.92, 0.13, 111.09]
[299.4, -62.1, 101.1, 90.0, 0.0, 44.82]
[300.2, -59.9, 100.7, 89.93, -0.06, 59.67]
[298.9, -59.8, 98.2, 90.31, 0.15, 75.05]
[301.2, -59.9, 103.5, 89.04, -0.11, 89.82]
[300.3, -59.8, 101.0, 89.82, 0.03, 104.85]
[300.2, -58.7, 100.2, 90.0, 0.08, 120.05]
[299.3, -60.2, 96.2, 90.46, -0.31, 127.79]
[302.3, -20.2, 105.0, 89.53, -1.32, 45.09]
[299.4, -19.1, 97.5, 90.35, 0.49, 60.11]
[300.5, -18.3, 102.8, 89.64, -0.26, 75.05]
[297.8, -22.5, 97.7, 90.83, 0.26, 89.47]
[300.6, -20.4, 102.4, 89.64, 0.01, 104.67]
[301.1, -20.4, 99.1, 89.83, 0.15, 119.7]
[300.6, -20.5, 101.2, 89.66, 0.36, 134.64]
[300.6, 19.5, 101.4, 89.94, -0.25, 45.26]
[299.8, 18.1, 99.7, 90.0, 0.0, 59.32]
[299.7, 20.4, 99.6, 90.12, 0.12, 74.97]
[298.4, 20.8, 98.2, 90.62, 0.31, 90.61]
[298.9, 21.2, 101.1, 90.17, 0.02, 105.2]
[301.6, 19.1, 103.3, 89.31, 0.22, 119.52]
[299.1, 18.2, 97.0, 90.6, -0.26, 134.47]
[300.6, 57.7, 102.2, 89.9, -0.51, 50.97]
[300.8, 59.1, 101.5, 89.79, -0.58, 59.41]
[299.9, 61.6, 100.9, 89.84, -0.21, 75.23]
[300.0, 58.6, 102.0, 89.92, -0.05, 89.64]
[298.7, 60.4, 97.7, 90.42, 0.12, 105.2]
[300.0, 61.5, 100.6, 89.64, 0.01, 120.23]
[299.3, 60.2, 98.8, 90.4, -0.07, 134.82]
[300.9, 90.9, 102.4, 89.74, -0.65, 66.09]
[299.9, 94.6, 100.8, 89.85, -0.41, 65.65]
[299.0, 100.1, 97.2, 90.29, 0.53, 74.97]
[299.7, 101.3, 100.9, 89.87, -0.12, 90.0]
[300.3, 99.2, 99.8, 90.07, 0.03, 104.58]
[300.1, 101.7, 103.5, 89.3, -0.07, 120.05]
[299.3, 100.0, 100.0, 90.25, -0.06, 134.99]
