[-251.67987060546875, 42.38755798339844, 356.375]
[-261.2310485839844, 41.70240020751953, 356.25]
[-255.72862243652344, 41.25352096557617, 341.5]
[-246.96519470214844, 41.18162155151367, 325.5]
[-254.10340881347656, 40.205078125, 321.75]
[-247.7941436767578, 39.9687385559082, 306.5]
[-247.07298278808594, 5.767453193664551, 358.25]
[-254.74835205078125, 6.966108322143555, 356.125]
[-246.43472290039062, 4.2885918617248535, 339.75]
[-247.10842895507812, 4.177756309509277, 331.25]
[-243.03501892089844, 2.911027669906616, 318.25]
[-247.7430877685547, 2.85345721244812, 311.5]
[-243.4348602294922, -30.490747451782227, 360.375]
[-246.26470947265625, -30.074560165405273, 355.25]
[-243.11663818359375, -32.01527786254883, 342.25]
[-235.9490203857422, -35.7495002746582, 326.75]
[-244.27491760253906, -33.13587951660156, 322.875]
[-239.62864685058594, -35.80085372924805, 310.25]
[-237.73687744140625, -69.61466979980469, 360.875]
[-240.7164764404297, -66.81351470947266, 356.75]
[-239.02085876464844, -68.8812026977539, 344.5]
[-234.74290466308594, -74.62921905517578, 312.0]
[-234.84243774414062, -104.50910186767578, 365.25]
[-236.71331787109375, -104.09261322021484, 358.5]
[-233.3575897216797, -108.05589294433594, 345.25]
[-233.9733428955078, -108.28954315185547, 336.5]
[-230.4886016845703, -112.23331451416016, 324.0]
[-232.0303192138672, -111.43982696533203, 314.75]
[-231.666259765625, -143.99391174316406, 367.75]
[-230.6210479736328, -144.607177734375, 358.5]
[-232.9390106201172, -144.29864501953125, 349.75]
[-228.03099060058594, -151.42063903808594, 334.875]
[-230.39173889160156, -149.38034057617188, 328.0]
[-228.99595642089844, -151.36624145507812, 317.0]
[-234.29779052734375, 42.733150482177734, 358.5]
[-231.83404541015625, 44.78225326538086, 349.625]
[-228.4422607421875, 43.691383361816406, 336.625]
[-234.18727111816406, 42.90896224975586, 330.5]
[-233.89820861816406, 42.48832702636719, 321.5]
[-232.4021453857422, 42.21610641479492, 310.875]
[-228.97659301757812, 7.077312469482422, 359.75]
[-228.4600830078125, 6.29456901550293, 350.5]
[-231.8313751220703, 6.169833183288574, 344.5]
[-229.48150634765625, 4.802196025848389, 332.25]
[-229.268310546875, 4.110265254974365, 323.25]
[-224.93954467773438, 2.8546736240386963, 309.25]
[-222.2744903564453, -31.211780548095703, 360.0]
[-226.61126708984375, -30.161602020263672, 355.25]
[-220.65550231933594, -33.135257720947266, 340.75]
[-221.94976806640625, -33.3597412109375, 331.5]
[-223.00875854492188, -33.7166748046875, 322.5]
[-222.35787963867188, -34.81413269042969, 311.25]
[-218.8190155029297, -69.35771942138672, 361.5]
[-222.69473266601562, -67.16824340820312, 356.875]
[-217.51931762695312, -71.11288452148438, 342.125]
[-220.2200164794922, -70.09638214111328, 334.5]
[-219.04432678222656, -71.32237243652344, 324.0]
[-218.04263305664062, -72.87548828125, 313.0]
[-217.45294189453125, -105.93456268310547, 366.5]
[-217.92776489257812, -105.6067123413086, 358.5]
[-217.0333709716797, -107.38705444335938, 347.5]
[-212.28268432617188, -112.34647369384766, 332.875]
[-216.0636749267578, -110.12891387939453, 326.75]
[-212.25851440429688, -113.08622741699219, 313.75]
[-211.3770751953125, -147.00909423828125, 366.25]
[-215.28187561035156, -143.061767578125, 362.5]
[-209.8732147216797, -150.53109741210938, 346.25]
[-214.07870483398438, -146.0581817626953, 340.75]
[-212.05381774902344, -151.3282012939453, 328.5]
[-212.0916748046875, -150.88401794433594, 319.0]
[-210.16015625, 45.167362213134766, 356.25]
[-219.22764587402344, 45.10231399536133, 356.0]
[-211.94686889648438, 44.306236267089844, 339.25]
[-212.43881225585938, 43.773677825927734, 331.25]
[-212.64601135253906, 42.64752197265625, 321.75]
[-211.32473754882812, 42.37833023071289, 311.25]
[-206.0780792236328, 7.677896499633789, 357.875]
[-216.31431579589844, 8.936578750610352, 357.75]
[-209.7648162841797, 7.364870071411133, 341.5]
[-208.10079956054688, 6.559144496917725, 331.5]
[-205.0680694580078, 5.226798057556152, 320.5]
[-204.53338623046875, 4.524050712585449, 310.75]
[-203.9432373046875, -30.747411727905273, 361.0]
[-209.0535125732422, -29.857105255126953, 357.875]
[-206.15130615234375, -31.25653648376465, 345.0]
[-202.3941192626953, -33.07221221923828, 331.0]
[-200.61935424804688, -34.30449676513672, 321.5]
[-200.73902893066406, -34.940406799316406, 311.5]
[-200.41761779785156, -68.27710723876953, 362.5]
[-204.48147583007812, -66.27478790283203, 358.0]
[-202.8072052001953, -68.61345672607422, 346.0]
[-198.670166015625, -71.29763793945312, 332.75]
[-197.60467529296875, -72.69801330566406, 323.0]
[-197.3610076904297, -73.34065246582031, 313.25]
[-194.40318298339844, -108.033447265625, 363.25]
[-201.84454345703125, -104.16134643554688, 361.25]
[-196.98837280273438, -109.20360565185547, 346.5]
[-196.32984924316406, -110.35704803466797, 336.25]
[-194.28866577148438, -112.686279296875, 325.5]
[-193.6658172607422, -113.31797790527344, 315.625]
[-190.97181701660156, -144.86122131347656, 366.25]
[-197.88760375976562, -139.71775817871094, 365.5]
[-191.64454650878906, -146.50726318359375, 348.5]
[-193.80262756347656, -146.44390869140625, 340.75]
[-188.57130432128906, -152.32955932617188, 326.0]
[-194.22958374023438, -147.56515502929688, 322.5]
[-191.716064453125, 44.91020965576172, 359.25]
[-191.17555236816406, 45.442440032958984, 352.75]
[-188.34994506835938, 44.23308181762695, 337.75]
[-192.6212921142578, 45.92853927612305, 332.25]
[-188.4796905517578, 45.53415298461914, 320.0]
[-193.32740783691406, 44.430213928222656, 312.75]
[-184.7920684814453, 8.336544036865234, 358.0]
[-199.50222778320312, 9.694411277770996, 361.75]
[-187.12261962890625, 7.377272605895996, 341.25]
[-192.60667419433594, 7.287333011627197, 336.25]
[-183.25784301757812, 5.205668926239014, 317.5]
[-190.2997589111328, 5.706940174102783, 314.0]
[-183.69920349121094, -30.838348388671875, 361.25]
[-189.00929260253906, -29.31817626953125, 358.5]
[-185.0317840576172, -31.962955474853516, 344.5]
[-183.53768920898438, -32.86383819580078, 333.75]
[-183.51962280273438, -33.657894134521484, 325.0]
[-183.200927734375, -34.45637893676758, 315.25]
[-179.5977325439453, -67.03726196289062, 362.5]
[-184.368896484375, -64.58723449707031, 359.5]
[-180.53102111816406, -68.466552734375, 346.0]
[-179.73764038085938, -69.55290222167969, 335.5]
[-180.85011291503906, -70.28414916992188, 326.5]
[-180.14306640625, -71.07170104980469, 317.0]
[-174.01695251464844, -107.0630111694336, 363.25]
[-183.84848022460938, -101.52857208251953, 364.0]
[-175.78665161132812, -108.01748657226562, 346.5]
[-177.84286499023438, -107.41481018066406, 338.25]
[-173.2850341796875, -111.4880599975586, 323.5]
[-179.5408935546875, -109.30622863769531, 319.5]
[-173.7627410888672, -146.5313720703125, 367.0]
[-180.7461395263672, -141.35923767089844, 366.5]
[-172.95498657226562, -148.83604431152344, 349.25]
[-173.4644012451172, -149.3466796875, 340.25]
[-172.2543182373047, -151.25173950195312, 328.25]
[-173.808837890625, -151.54734802246094, 321.0]
[-170.3892822265625, 46.19955062866211, 360.5]
[-174.8529052734375, 46.04618453979492, 361.75]
[-168.04586791992188, 45.573734283447266, 339.875]
[-168.39450073242188, 44.55877685546875, 330.25]
[0.0, 0.0, 322.75]
[0.0, 0.0, 315.25]
[-166.0506134033203, 9.675277709960938, 361.25]
[-171.8388671875, 9.538187026977539, 356.75]
[-168.85231018066406, 8.633051872253418, 346.875]
[-167.65982055664062, 7.830913066864014, 335.0]
[-165.38925170898438, 6.4472174644470215, 322.5]
[-167.562744140625, 5.752574443817139, 315.5]
[-163.95114135742188, -29.023590087890625, 361.5]
[-169.7095947265625, -27.659360885620117, 360.25]
[-161.44509887695312, -30.52536964416504, 342.25]
[-163.57962036132812, -30.51639747619629, 335.0]
[-158.39332580566406, -32.74092102050781, 320.25]
[-164.69430541992188, -32.42033767700195, 315.75]
[-160.1789093017578, -66.75934600830078, 363.0]
[-166.6204376220703, -64.6274642944336, 361.625]
[-159.32723999023438, -70.91230010986328, 345.5]
[-160.56826782226562, -70.53923034667969, 337.0]
[-155.51492309570312, -73.53050231933594, 323.25]
[-162.5149383544922, -69.43583679199219, 319.75]
[-156.57614135742188, -105.59207153320312, 364.75]
[-162.4772186279297, -102.70832824707031, 363.0]
[-159.242431640625, -105.48084259033203, 349.0]
[-159.1099090576172, -106.21004486083984, 339.125]
[-154.99615478515625, -109.62789154052734, 327.5]
[-156.4812774658203, -109.34577178955078, 318.75]
[-153.0160675048828, -144.9711151123047, 366.75]
[-162.96270751953125, -137.9769744873047, 370.25]
[-152.18167114257812, -147.5919952392578, 347.75]
[-152.86050415039062, -147.7624053955078, 339.75]
[-153.09896850585938, -149.30020141601562, 331.25]
[-152.50363159179688, -149.41151428222656, 318.875]
[-151.0309295654297, 48.35405731201172, nan]
[-146.11337280273438, 47.99733352661133, nan]
[0.0, 0.0, 341.625]
[0.0, 0.0, 334.75]
[0.0, 0.0, 318.25]
[0.0, 0.0, 309.75]
[-147.97879028320312, 10.421162605285645, nan]
[-151.88401794433594, 10.251883506774902, nan]
[-148.37969970703125, 9.322871208190918, nan]
[-144.4009246826172, 8.409944534301758, nan]
[-147.8142547607422, 7.661346912384033, nan]
[-143.50216674804688, 6.268765449523926, nan]
[-144.17391967773438, -29.25623893737793, 359.0]
[-154.98092651367188, -26.1541805267334, nan]
[-142.57540893554688, -30.256175994873047, 342.25]
[-145.367919921875, -30.431358337402344, 336.25]
[-141.31199645996094, -31.971599578857422, 332.0]
[-143.31712341308594, -32.533599853515625, 320.25]
[-139.5489959716797, -66.30847930908203, 366.375]
[-151.50775146484375, -62.549842834472656, nan]
[-139.11119079589844, -68.08248901367188, 345.375]
[-140.78504943847656, -68.3402328491211, 340.0]
[-139.6138458251953, -69.56731414794922, 327.125]
[-137.95448303222656, -70.70169830322266, 314.0]
[-134.445556640625, -106.59867858886719, 363.75]
[-144.76507568359375, -101.80892181396484, 366.75]
[-138.85977172851562, -105.70637512207031, 350.25]
[-133.16893005371094, -109.2021484375, 334.625]
[-137.44825744628906, -108.50732421875, 329.875]
[-135.98829650878906, -109.65074157714844, 319.0]
[-134.7061767578125, -145.35133361816406, 369.0]
[-141.1905517578125, -142.7902069091797, 370.25]
[-134.23715209960938, -148.67001342773438, 350.25]
[-136.40074157714844, -148.85154724121094, 345.0]
[-134.07350158691406, -150.87257385253906, 334.5]
[-129.85177612304688, -155.17245483398438, 314.5]
