[150.5, -99.1, 191.2, -179.64, -0.02, -90.08]
[150.2, -99.1, 196.8, 179.38, 0.04, -89.64]
[149.7, -99.0, 207.1, 179.03, 0.07, -89.64]
[151.3, -99.1, 222.7, -179.21, -0.06, -89.64]
[149.9, -99.0, 227.6, 179.29, 0.05, -89.64]
[150.7, -99.1, 241.6, -179.64, -0.02, -89.64]
[149.9, -59.8, 191.1, -179.74, 0.04, -89.73]
[148.9, -60.0, 195.0, 178.7, -0.24, -89.73]
[149.8, -59.9, 210.7, -179.65, 0.06, -89.73]
[149.5, -59.9, 219.3, 179.91, -0.01, -89.99]
[149.8, -59.8, 231.5, -179.22, 0.15, -89.99]
[149.0, -60.0, 238.8, 179.74, -0.05, -89.99]
[150.0, -20.0, 190.1, 179.72, -0.04, -90.17]
[149.2, -20.5, 195.6, 179.26, -0.29, -90.52]
[149.4, -20.3, 208.9, 179.8, 0.0, -90.17]
[150.2, -19.9, 223.3, -178.87, 0.69, -90.16]
[148.9, -20.6, 228.0, 179.49, -0.16, -90.17]
[149.7, -20.2, 240.3, -179.73, 0.24, -90.17]
[149.9, 20.1, 191.4, -179.86, 0.24, -89.73]
[149.3, 19.6, 195.3, 179.23, -0.59, -89.73]
[149.7, 19.9, 207.7, 179.42, -0.41, -89.73]
[149.7, 19.9, 240.3, -179.8, 0.3, -89.73]
[150.2, 59.5, 189.2, 179.62, -0.37, -89.99]
[149.4, 58.4, 195.6, 179.31, -0.8, -89.99]
[150.1, 59.5, 209.6, 179.87, -0.02, -90.0]
[150.0, 59.3, 218.3, 179.62, -0.37, -89.99]
[150.3, 59.6, 230.4, -179.86, 0.33, -89.99]
[149.3, 58.4, 239.4, 179.92, 0.05, -90.0]
[149.6, 100.7, 188.5, 179.63, -0.5, -89.64]
[149.1, 99.7, 199.1, -179.95, 0.27, -89.64]
[149.1, 99.7, 207.1, 179.47, -0.81, -89.64]
[149.9, 101.3, 221.8, -179.87, 0.43, -89.64]
[149.3, 100.1, 228.2, 179.67, -0.42, -89.64]
[149.1, 99.7, 239.7, 179.88, -0.03, -89.64]
[169.7, -98.6, 190.0, 179.73, 0.01, -90.0]
[170.7, -100.8, 200.0, -179.64, -0.02, -90.17]
[169.6, -100.8, 211.3, -179.38, -0.04, -90.17]
[168.0, -100.4, 218.3, 179.56, 0.03, -90.08]
[168.8, -100.4, 227.4, 179.29, 0.05, -90.08]
[169.3, -100.5, 238.0, 179.38, 0.04, -90.08]
[170.0, -59.8, 190.7, -179.82, 0.02, -89.91]
[169.0, -59.9, 199.8, -179.48, 0.08, -89.91]
[169.2, -59.9, 206.1, 178.7, -0.22, -89.9]
[169.4, -59.9, 218.9, 179.74, -0.04, -89.91]
[169.6, -59.9, 228.2, 179.48, -0.08, -89.91]
[170.1, -59.8, 241.6, -179.65, 0.05, -89.91]
[170.3, -19.5, 191.7, -179.51, 0.21, -89.64]
[169.6, -19.8, 196.3, 179.27, -0.32, -89.64]
[170.4, -19.4, 210.8, -179.59, 0.18, -90.08]
[169.5, -19.8, 220.3, -179.83, 0.07, -90.08]
[169.1, -19.9, 229.2, 179.8, 0.0, -90.08]
[168.9, -20.0, 240.3, 179.96, 0.08, -90.08]
[170.2, 20.2, 191.4, -179.7, 0.33, -90.08]
[169.6, 19.7, 196.3, 179.31, -0.41, -90.08]
[170.3, 20.2, 210.8, -179.7, 0.33, -90.08]
[169.4, 19.9, 218.9, 179.73, -0.09, -90.0]
[169.1, 19.4, 229.2, 179.8, -0.03, -90.08]
[169.0, 19.3, 240.3, 179.94, 0.06, -90.08]
[169.9, 60.5, 189.0, 179.64, -0.27, -89.73]
[169.4, 60.0, 197.0, 179.58, -0.33, -89.73]
[169.2, 59.7, 207.1, 179.29, -0.66, -89.73]
[170.2, 60.8, 222.5, -179.59, 0.58, -89.73]
[169.5, 60.0, 228.2, 179.58, -0.33, -89.73]
[169.8, 60.5, 241.6, -179.83, 0.32, -89.73]
[169.1, 101.2, 191.5, -179.78, 0.49, -89.82]
[168.7, 100.5, 195.3, 179.4, -0.76, -89.82]
[169.3, 101.0, 211.3, -179.73, 0.56, -89.91]
[168.6, 99.9, 216.7, 179.4, -0.76, -89.9]
[169.2, 100.9, 229.3, 179.83, -0.09, -89.91]
[168.7, 100.0, 238.9, 179.78, -0.17, -89.91]
[191.0, -99.6, 193.0, -179.38, -0.03, -90.0]
[189.3, -99.5, 195.4, 178.94, 0.06, -90.0]
[189.8, -99.6, 210.0, 180.0, 0.0, -90.0]
[189.7, -99.6, 218.4, 179.56, 0.02, -90.0]
[189.7, -99.6, 227.4, 179.29, 0.04, -90.0]
[189.8, -99.6, 237.6, 179.29, 0.04, -90.0]
[190.5, -60.7, 193.5, -179.04, 0.14, -90.35]
[188.9, -60.7, 195.5, 178.95, -0.15, -90.26]
[189.2, -60.6, 210.0, -179.91, 0.01, -90.26]
[189.0, -60.7, 219.8, -179.82, 0.02, -90.26]
[190.3, -60.5, 230.4, -179.73, 0.03, -90.26]
[190.5, -60.4, 240.1, -179.82, 0.02, -90.26]
[190.3, -19.2, 191.7, -179.67, 0.12, -89.73]
[188.7, -19.8, 194.8, 178.77, -0.47, -89.73]
[189.9, -19.4, 208.0, 179.5, -0.19, -89.73]
[189.1, -19.7, 220.8, -179.5, 0.19, -89.73]
[189.8, -19.4, 230.5, -179.59, 0.15, -89.73]
[189.7, -19.4, 240.4, -179.75, 0.09, -89.73]
[190.2, 20.0, 191.7, -179.7, 0.19, -90.26]
[188.8, 19.0, 194.8, 178.9, -0.72, -90.25]
[189.8, 19.7, 208.0, 179.56, -0.29, -90.26]
[189.1, 19.3, 220.8, -179.6, 0.36, -90.26]
[189.8, 19.8, 230.5, -179.68, 0.31, -90.26]
[189.6, 19.7, 240.4, -179.82, 0.21, -90.26]
[190.4, 61.0, 192.7, -179.55, 0.55, -90.08]
[189.2, 59.7, 195.5, 179.23, -0.73, -90.08]
[189.3, 59.9, 210.0, -179.99, 0.12, -90.08]
[189.2, 59.8, 219.8, -179.93, 0.18, -90.08]
[190.1, 60.7, 230.4, -179.87, 0.24, -90.08]
[190.2, 60.8, 240.0, -179.99, 0.12, -90.08]
[190.6, 99.8, 192.3, -179.58, 0.67, -90.34]
[189.4, 98.2, 195.0, 179.22, -0.84, -90.34]
[190.0, 99.1, 210.0, 179.93, 0.05, -90.35]
[189.8, 98.7, 217.7, 179.55, -0.43, -90.35]
[190.7, 99.9, 232.6, -179.63, 0.6, -90.34]
[189.7, 98.7, 236.1, 179.28, -0.77, -90.34]
[209.9, -98.5, 191.0, -179.91, 0.0, -89.91]
[211.8, -98.9, 198.9, 180.0, 0.0, -90.0]
[210.1, -98.8, 212.3, -179.21, -0.04, -90.0]
[209.3, -101.1, 217.6, 179.47, 0.02, -90.61]
[210.5, -100.8, 232.7, -179.21, -0.04, -90.52]
[208.6, -100.7, 238.9, 179.73, 0.01, -90.52]
[210.3, -60.3, 193.9, -178.86, 0.15, -89.99]
[208.0, -60.6, 193.2, 178.34, -0.22, -89.99]
[209.2, -60.4, 211.1, -179.39, 0.08, -89.99]
[209.3, -60.4, 216.6, 178.95, -0.14, -89.99]
[209.5, -60.4, 234.2, -178.95, 0.14, -89.99]
[208.3, -60.5, 239.2, 179.65, -0.04, -89.99]
[210.5, -18.5, 192.1, -179.58, 0.14, -89.73]
[209.1, -19.3, 194.7, 178.92, -0.37, -89.82]
[210.1, -18.6, 208.9, 179.83, -0.05, -89.73]
[210.1, -18.9, 219.4, 180.0, 0.0, -89.82]
[210.0, -19.0, 228.4, 179.75, -0.08, -89.82]
[210.3, -18.9, 237.7, 179.5, -0.17, -89.82]
[210.5, 19.3, 192.1, -179.61, 0.21, -90.17]
[209.2, 18.6, 194.7, 179.01, -0.57, -90.17]
[210.0, 19.1, 209.2, 179.92, -0.04, -90.17]
[210.1, 19.1, 219.4, 180.0, 0.0, -90.17]
[210.0, 19.1, 228.4, 179.77, -0.13, -90.17]
[210.2, 19.2, 238.0, 179.61, -0.21, -90.17]
[210.4, 59.5, 192.0, -179.52, 0.39, -90.26]
[209.5, 58.7, 195.0, 179.05, -0.78, -90.25]
[209.8, 59.0, 210.2, -179.72, 0.22, -90.26]
[209.8, 59.0, 218.8, 179.66, -0.28, -90.26]
[210.1, 59.3, 233.3, -179.39, 0.5, -90.26]
[208.9, 58.3, 237.3, 179.32, -0.56, -90.26]
[209.6, 101.2, 191.8, -179.82, 0.31, -89.47]
[208.7, 100.2, 194.5, 179.1, -0.84, -89.46]
[209.4, 101.0, 209.6, 179.99, 0.12, -89.47]
[209.3, 100.8, 219.2, 179.87, 0.0, -89.47]
[208.9, 100.4, 231.4, -179.76, 0.38, -89.47]
[209.0, 100.5, 239.9, 179.93, 0.05, -89.47]
[230.1, -99.1, 190.1, 179.91, 0.0, -90.17]
[230.9, -99.2, 195.6, 179.12, 0.04, -89.73]
[230.3, -99.2, 211.5, -179.64, -0.01, -89.73]
[230.0, -99.1, 221.0, -179.56, -0.02, -89.73]
[230.5, -99.2, 228.7, 179.82, 0.0, -89.73]
[229.3, -99.1, 239.3, 179.82, 0.0, -89.73]
[229.9, -60.4, 191.0, -179.73, 0.03, -89.91]
[229.2, -60.5, 200.8, -179.47, 0.06, -89.91]
[229.3, -60.4, 209.8, 179.82, -0.02, -89.91]
[229.5, -60.4, 218.5, 179.73, -0.03, -89.91]
[230.1, -60.4, 230.4, -179.82, 0.02, -90.17]
[229.7, -60.4, 237.9, 179.47, -0.06, -90.17]
[230.2, -20.1, 191.9, -179.66, 0.1, -89.91]
[228.4, -20.7, 192.4, 178.23, -0.54, -89.9]
[229.9, -20.2, 211.0, -179.58, 0.13, -89.91]
[229.5, -20.3, 218.6, 179.74, -0.07, -89.91]
[230.5, -20.0, 233.4, -179.07, 0.28, -89.9]
[228.8, -20.6, 238.2, 179.58, -0.13, -89.91]
[230.3, 19.1, 191.9, -179.68, 0.16, -90.35]
[229.0, 18.8, 193.3, 178.59, -0.72, -90.25]
[230.0, 21.5, 210.0, -179.84, 0.08, -89.73]
[229.4, 20.8, 218.6, 179.76, -0.12, -89.82]
[230.5, 21.8, 232.4, -179.37, 0.32, -89.73]
[229.5, 18.7, 236.2, 179.14, -0.44, -90.34]
[230.0, 58.7, 190.7, -179.85, 0.1, -90.08]
[229.6, 58.4, 193.1, 178.79, -0.88, -90.07]
[229.7, 58.5, 208.1, 179.5, -0.36, -90.08]
[229.3, 58.3, 217.5, 179.29, -0.51, -90.08]
[230.6, 59.2, 229.9, -179.92, 0.05, -90.08]
[230.2, 58.9, 238.1, 179.64, -0.25, -90.08]
[230.2, 99.1, 190.4, 179.93, 0.06, -90.08]
[229.7, 98.6, 195.6, 179.24, -0.6, -90.08]
[230.3, 99.2, 211.5, -179.8, 0.3, -90.08]
[230.1, 98.9, 221.0, -179.68, 0.3, -90.08]
[230.5, 99.2, 228.7, 179.87, -0.12, -90.08]
[229.0, 97.9, 242.2, -179.68, 0.42, -90.08]
[249.0, -100.5, 189.8, 179.73, 0.01, -90.43]
[252.3, -100.6, 198.4, -179.82, 0.0, -90.43]
[248.6, -100.4, 208.3, 179.56, 0.01, -90.43]
[249.4, -100.5, 219.7, -179.91, 0.0, -90.43]
[249.5, -100.5, 232.1, -179.38, -0.02, -90.43]
[249.2, -100.5, 241.0, -179.73, -0.01, -90.43]
[250.1, -60.9, 191.1, -179.73, 0.02, -89.91]
[248.9, -61.0, 198.5, 179.82, -0.01, -89.99]
[249.3, -61.0, 208.3, 179.82, -0.01, -89.99]
[250.1, -60.9, 220.8, -179.65, 0.03, -89.99]
[249.1, -61.0, 228.3, 179.56, -0.04, -89.99]
[250.3, -60.9, 240.6, -179.91, 0.0, -90.0]
[249.8, -20.0, 192.2, -179.57, 0.11, -89.82]
[249.3, -20.2, 195.2, 178.98, -0.28, -89.82]
[250.1, -19.9, 210.4, -179.91, 0.02, -89.82]
[249.4, -20.1, 222.4, -179.24, 0.22, -90.26]
[249.7, -20.1, 230.9, -179.66, 0.09, -90.26]
[249.3, -20.2, 238.2, 179.57, -0.12, -90.26]
[250.5, 19.3, 191.3, -179.76, 0.11, -89.99]
[249.4, 18.8, 195.6, 179.12, -0.4, -89.99]
[250.2, 19.2, 210.4, -179.92, 0.03, -89.99]
[249.7, 19.0, 221.0, -179.6, 0.18, -89.99]
[250.2, 19.6, 228.7, 179.84, -0.07, -89.91]
[248.6, 18.5, 241.4, -179.68, 0.14, -89.99]
[250.4, 59.5, 192.2, -179.56, 0.29, -90.26]
[249.7, 59.0, 192.8, 178.68, -0.87, -90.25]
[249.7, 59.0, 208.1, 179.78, -0.14, -90.26]
[250.1, 59.3, 223.0, -179.26, 0.48, -90.26]
[249.6, 59.0, 228.3, 179.63, -0.24, -90.26]
[250.2, 59.3, 238.9, 179.7, -0.19, -90.26]
[249.8, 100.6, 190.7, 180.0, 0.0, -89.73]
[249.1, 100.0, 190.9, 178.6, -1.2, -89.72]
[249.1, 100.0, 211.6, -179.73, 0.22, -89.73]
[249.4, 100.2, 217.2, 179.6, -0.34, -89.73]
[250.5, 101.2, 228.0, 179.8, -0.17, -89.73]
[248.6, 99.6, 247.2, -178.73, 1.08, -89.72]
